2
DRUM1 85
1 1
1 4
1 6
1 9
1 13
1 18
1 23
1 25
1 30
1 39
2 48
1 52
1 57
1 60
1 62
1 70
1 75
1 77
1 85
1 88
1 90
1 94
1 96
2 706
62 2841
59 2843
86 2847
3 2983
112 3080
10 3094
2 3097
103 3415
687 3418
10 3428
1 3526
2 3542
400 3634
147 3637
1 4010
826 4014
7 4099
4 4102
719 4238
7 4249
3 4255
20 4260
2 4263
1023 4672
500 4674
80 4684
2 4778
960 4872
1 4933
765 5039
2 5050
3 5074
2 5078
1 5080
1 5084
3 5148
2 5152
2 5163
990 5447
107 5456
9 5466
2 5468
731 5665
114 5667
25 5675
7 5684
1 5763
653 5845
19 5857
1 5866
2 5920
3 5924
1 5926
14 5939
11 5943
1 5957
2 5962
3 5972
2 5977
1 5981
2 6133
DRUM2 39
1 56
1 154
283 2962
6 2970
14 2975
1023 3519
104 3531
196 3746
23 3753
1 3766
5 3773
1023 4107
96 4116
7 4128
1023 4347
63 4356
2 4369
1023 4772
79 4781
43 4784
1023 4940
131 4949
5 4977
1 5040
3 5042
550 5144
37 5152
20 5156
3 5191
454 5553
19 5563
460 5756
23 5761
2 5764
217 5936
52 5942
4 5944
2 5947
4 5954
