2
DRUM1 56
1 4
1 7
1 13
1 16
1 22
1 24
1 26
1 31
1 40
1 44
1 49
1 51
1 56
1 58
1 61
1 67
1 70
110 5786
154 5789
9 5794
893 6163
125 6165
218 6626
429 6629
4 6639
110 7173
1023 7178
701 8753
43 8761
337 9001
732 9003
30 9226
176 9228
777 9230
604 9454
45 9459
1 9472
260 9705
895 9707
43 9931
711 9934
6 9948
7 10004
324 10168
4 10172
5 10392
120 10397
8 10403
1 10420
2 10423
3 10425
4 10432
2 10435
4 10455
5 10507
8 10524
DRUM2 25
1 6162
1 7178
263 8885
100 8890
57 8899
1023 9107
91 9118
1023 9330
95 9341
1023 9567
100 9576
11 9587
1023 9809
367 9820
2 9831
1023 10053
155 10063
1 10118
1023 10281
190 10292
1 10303
342 10509
557 10512
36 10526
13 10531
