2
DRUM1 146
28 1151
32 1153
12 1584
10 1587
7 1590
19 1594
18 1596
6 1613
6 1617
4 1735
63 3424
1 3426
25 3428
6 3437
3 3504
8 3781
40 3783
20 3787
9 3792
5 3813
1 3819
2 3888
2 3890
13 12952
5 12956
4 12959
5 12964
4 12967
4 12970
3 12972
3 12974
3 13029
18 13104
28 13106
1 13142
17 13225
17 13229
3 13265
40 13353
6 13358
33 13482
1 13514
28 13615
45 13619
5 13657
16 13748
1 13751
26 15258
8 15262
13 15265
7 15268
18 15660
2 15663
10 15858
36 16001
20 16192
1 16203
28 16804
6 17329
30 17331
1 17342
9 17735
1 17739
5 18048
7 18342
1 18346
10 18611
336 19328
76 19337
67 19398
8 19403
11 19406
5 19410
6 19413
1 19421
4 19424
120 19473
134 19476
42 19513
13 19519
7 19526
3 19541
1 19558
105 19583
1 19642
57 19645
3 19649
4 19656
127 19715
21 19718
18 19771
21 19773
6 19777
4 19789
1 19831
12 19841
56 19847
51 19850
15 19896
26 19898
4 19902
1 19916
1 19955
2 19957
120 20002
54 20004
11 20022
38 20024
1 20100
45 20154
41 20157
22 21949
16 21971
302 22097
42 22102
73 22249
307 22388
99 25331
2 25346
18 27709
10 27718
6 27720
3 27723
10 27725
8 27740
9 27743
6 27745
3 27778
11 29020
1 29026
3 29030
28 29684
15 30478
4 31159
1 31685
2 36533
1 36548
1 36579
5 36680
1 36734
3 36749
1 36766
3 36781
1 36864
3 36932
3 36985
DRUM2 81
2 2
65 2161
3 2168
4 2193
80 4194
6 4205
5 4207
5 4212
157 6883
22 8442
2 8468
3 8472
3 8484
428 8635
50 8646
17 14321
17 14323
1 14328
20 14479
2 14483
14 14606
14 14609
15 14739
16 14741
2 14746
23 14873
23 14875
1 14880
31 15723
2 15727
33 15912
3 15916
29 16085
28 16548
16 17098
1 17104
19 17532
15 17893
11 18205
8 18481
435 22749
20 22755
3 22806
394 22882
614 23008
815 25327
37 25344
52 27696
74 29012
3 29023
2 29028
1 29046
73 29682
41 29684
5 29696
2 29746
59 30486
41 30488
4 30501
1 30503
58 31155
1 31160
5 31172
4 31174
1 31229
115 31682
15 31686
9 31697
9 31699
1 36533
3 36564
2 36567
2 36680
1 36734
1 36749
3 36766
1 36781
3 36932
1 36985
1 36990
5 37033
