2
DRUM1 260
1 10
1 15
1 21
1 25
1 28
1 30
1 33
1 40
1 43
1 46
1 52
1 56
1 58
1 63
2 66
1 68
1 70
1 72
1 75
1 77
1 81
1 85
1 87
1 89
1 96
130 2663
27 2665
18 2676
4 2684
198 3074
2 3081
9 3085
2 3088
2 3097
1 3195
552 3449
30 3463
3 3474
3 3554
2 3565
4 3617
596 3789
1 3811
1 3834
1 3905
215 4148
1023 4151
7 4247
990 4509
62 4812
450 4815
1023 4818
7 4854
4 4858
5 4860
15 4913
11 4918
10 4920
8 4923
4 4928
2 4995
1 5082
175 5187
732 5191
236 5286
5 5327
2 5329
1 5331
8 5432
20 5441
658 5515
502 5517
1 5588
49 5684
227 5688
1 5715
1 5717
18 5728
22 5732
23 5734
1 5742
2 5836
5 6399
2 6464
72 6501
3 6516
2 6630
4 6721
89 7438
122 7440
79 7445
11 7452
2 7454
2 7484
4 7501
310 8331
902 8333
6 8344
4 8348
4 8354
1023 8727
29 8747
22 8749
28 8751
12 8984
9 9053
867 9374
4 9441
2 9493
12 9495
1 9517
1 9563
5 9699
558 9702
175 9705
4 9714
6 9725
42 9728
10 9732
8 9734
15 9739
1 9831
1023 9984
13 10001
15 10006
16 10008
89 10713
29 10718
8 10831
5 10837
3 10841
3 10844
1 10871
1 10879
2 10881
2 10884
2 10888
2 10893
1 10900
5 10941
1 11054
6 11057
1 11060
4 11064
4 11067
3 11070
9 11087
8 11094
7 11098
5 11100
1 11108
6 11148
5 11150
5 11152
5 11155
4 11157
1 11160
3 11177
3 11183
5 11191
5 11193
5 11196
1 11199
1 11237
1 11249
1 11251
1 11255
1 11258
1 11260
4 11405
2 11415
12 11543
54 11549
64 11553
58 11555
10 11563
12 11700
12 11702
12 11704
11 11707
10 11710
7 11713
7 11717
6 11720
10 11733
9 11736
8 11743
4 11748
6 11750
19 11763
13 11784
14 11787
11 11791
4 11793
2 11797
2 11814
1 11817
27 11868
6 12194
1 12423
1 12426
3 12471
6 12481
7 12483
7 12486
9 12489
9 12493
9 12498
9 12502
9 12504
37 12518
65 12525
53 12529
53 12532
49 12535
45 12538
15 12549
19 12558
18 12560
13 12563
8 12571
7 12573
10 12582
11 12585
11 12587
11 12589
3 12595
71 12618
116 12624
4 12662
15 12670
14 12672
16 12676
9 12682
2 12687
3 13092
25 13131
153 13134
156 13138
9 13158
9 13160
7 13163
4 13166
3 13168
2 13170
3 13174
221 13340
99 13342
132 13546
94 13549
6 13562
33 13566
14 13572
11 13574
8 13576
1 13594
1 13620
3 13632
2 13635
48 13653
DRUM2 119
7 567
2 572
60 2759
1023 2762
75 2777
19 2804
1014 2885
9 2899
3 2906
1 2957
328 3009
4 3022
1023 3175
26 3185
23 3188
1 3191
3 3196
1 3232
452 3288
3 3298
1023 3541
1023 3543
8 3565
1 3580
13 3585
1023 3645
1 3834
1023 3879
125 3891
1023 4002
1 4011
3 4067
1023 4245
50 4259
4 4285
1023 4355
210 4365
1 4545
1023 4609
15 4638
7 4658
1023 4714
63 4722
21 5259
19 5261
20 5269
4 5281
1 5283
1023 5372
76 5382
13 5388
5 5393
1023 5614
23 5623
1 5669
100 6473
39 6476
15 6500
9 6503
1 6508
5 6510
2 6517
19 6622
1 7440
2 8334
2 8338
36 9183
1023 9188
2 9205
2 9212
2 9229
1 9249
1 9380
1 9408
1023 9509
11 9533
1023 9595
1023 9597
435 9603
105 9610
31 9618
2 9672
5 9703
2 9706
1 9708
1023 9811
2 9827
12 9835
7 9846
1 9851
1 9867
998 9898
920 9901
82 9908
3 9968
3 9986
2 9991
1 10604
2 10607
240 12874
43 12883
1023 13036
63 13048
928 13221
14 13234
1 13286
483 13325
133 13331
1023 13448
667 13456
2 13469
1023 13622
16 13629
65 13637
33 13642
10 13647
17 13650
12 13683
3 13708
