2
DRUM1 60
1 7
1 11
1 13
1 16
1 21
1 23
1 31
1 34
2 40
1 46
1 48
1 54
1 57
1 59
1 62
1 64
1 68
1 70
58 4301
95 4303
318 4306
15 4311
49 4750
115 4752
20 4755
70 5045
438 5047
922 5288
2 5301
1023 6028
2 6172
808 6360
50 6373
1023 6659
67 6669
1023 6908
27 6919
13 6978
991 7135
8 7149
16 7245
393 7377
952 7379
21 7391
6 7395
4 7413
2 7469
190 7755
1023 7757
25 7769
978 7998
2 8048
116 8215
785 8217
36 8228
5 8249
4 8252
5 8255
2 8268
7 8332
DRUM2 75
1 728
5 4583
18 4588
14 4590
49 4593
1 4603
5 4605
3 4609
1 4636
553 4862
18 4882
7 4901
3 4930
1023 5148
95 5159
46 5169
1023 5393
319 5402
35 5414
8 5451
7 5507
3 5626
6 5628
9 5635
6 5637
1023 5796
203 5806
1023 5903
1023 6157
62 6169
1023 6266
53 6275
1023 6465
244 6477
2 6506
866 6566
300 6569
10 6574
3 6610
1023 6742
1 6799
1023 6837
7 6848
807 6978
98 6982
4 7016
1 7028
1023 7076
1 7136
1023 7206
78 7218
838 7302
1023 7442
97 7451
809 7532
332 7536
11 7542
3 7595
1023 7654
127 7658
99 7663
1 7736
1 7757
718 7813
14 7826
1023 7922
1023 8058
1023 8148
44 8156
1023 8283
1023 8286
8 8290
58 8295
40 8302
45 8304
