2
DRUM1 250
1 3
1 6
1 8
1 15
1 17
1 23
1 28
1 32
1 38
1 42
1 45
1 51
1 56
1 59
107 1075
3 1135
5 1425
17 1427
1 1434
12 1647
41 1649
26 1921
4 2345
29 2347
18 2631
16 2764
4 2766
19 2954
2 2958
4 3107
38 3109
5 3242
37 3244
18 4420
4 4434
12 4442
1 4446
10 4464
37 4581
3 4583
18 4589
19 4591
2 4607
33 4720
7 4722
9 4724
11 4727
1 4730
27 4840
11 4847
2 4861
3 4883
5 4956
22 4960
6 4964
1 4975
21 5075
14 5081
4 5089
3 5092
3 5115
67 13067
8 13070
115 13072
42 13079
4 13090
3 13092
1 13155
62 13553
10 13557
79 13561
38 13564
1 13591
1 13601
1 13605
3 13690
13 13978
4 13980
17 13982
2 13986
4 13988
1 13995
255 14345
15 14347
13 14351
16 14356
3 14369
2 14376
1 14378
5 14383
4 14386
3 14389
4 14438
1023 14723
100 14734
20 14743
1 14747
8 14751
8 14754
1023 15060
92 15065
66 15076
11 15083
8 15087
7 15089
12 15095
11 15099
8 15104
7 15108
1023 15429
256 15433
63 15445
6 15450
7 15454
5 15464
6 15469
6 15473
3 15477
14 15586
415 15771
400 15773
26 15785
19 15790
140 16948
41 16952
2 16959
2 16977
8 17039
19 17346
35 17348
19 17350
27 17354
2 17366
1 17368
1 17406
5 17448
1 17458
28 17537
2 17541
1 17548
6 17663
1 17681
1 17700
6 17912
2 17986
1 17989
3 18015
1 18128
1 18133
1 18143
6 18605
3 19089
3 19096
5 19099
2 19107
2 19183
1 19187
3 19329
3 19333
1 19335
1 19344
5 19436
1 19465
5 19575
7 19577
8 19583
12 19591
13 19596
13 19599
12 19601
19 19668
13 19755
12 19758
12 19761
11 19763
5 19768
45 19939
2 19946
12 20040
12 20042
11 20044
8 20047
6 20049
3 20052
87 20196
2 20203
13 20560
4 20615
8 21060
6 21063
4 21066
3 21068
3 21075
3 21077
1 21081
12 21269
6 21275
5 21280
4 21283
3 21287
2 21292
2 21295
1 21305
1 21309
1 21316
1 21331
1 21335
1 21480
2 21497
1 21500
1 21504
1 21511
1 21514
3 21682
4 21685
3 21687
7 21690
94 21697
9 21716
1 21790
1 21793
1 21889
20 22075
1 22087
1 22090
1 22092
1 22095
1 22099
1 22108
9 22113
1 22283
1 22297
1 22305
1 22308
1 22315
3 22317
3 22321
3 22323
1 22327
1 22331
3 22337
9 22410
39 22419
3 22442
1 22444
1 22459
1 22462
1 22465
1 22666
2 23008
DRUM2 313
860 570
958 573
147 576
2 594
1 1681
79 2161
86 2499
2 2522
86 2796
8 2814
12 2820
120 3053
4 3072
7 3078
190 3209
6 3228
5 3231
7 3234
1 3265
161 3395
3 3413
2 3420
207 3551
11 3569
8 3576
220 3692
12 3712
9 3714
208 3815
13 3833
148 3942
6 3961
1 3965
286 4060
15 4078
375 4203
16 4215
16 4218
12 4221
47 5305
215 5312
147 5466
45 5471
2 5514
151 5602
23 5605
3 5629
125 5727
47 5738
97 5854
6 5871
180 5999
248 6145
2 6180
160 6282
205 6427
1 6479
121 6579
30 6582
1 6652
97 6736
3 6761
1 6764
1 6832
91 7189
2 7204
15 7210
19 7497
24 7499
1 7516
1 7518
1 7522
9 7772
6 7776
9 8090
8 8094
1 8120
5 8455
3 8459
3 8461
30 8786
2 8802
1 8805
48 8958
63 9096
47 9416
103 9715
9 9733
5 9740
596 10194
481 10198
174 10201
691 10207
607 10737
393 10741
104 10743
62 10755
28 10760
386 11540
1 11592
246 11845
75 11848
2 11859
79 12145
30 12417
43 12423
1 12470
31 12613
973 12615
50 12622
25 12625
6 12641
7 12643
7 12645
1 12676
1 12678
1 12686
1 14734
1 15429
728 16197
1023 16199
75 16211
14 16218
9 16223
3 16226
1023 16520
124 16525
1023 16747
73 16753
62 16767
1 16819
1023 17110
37 17117
1 17131
5 17170
2 17319
1023 17377
589 17383
198 17393
19 17396
17 17399
109 17573
75 17576
2 17585
19 17594
22 17599
29 17604
12 17608
5 17611
13 17616
12 17619
11 17624
5 17631
4 17633
3 17636
9 17815
2 17821
2 17823
4 17834
9 17844
6 17849
4 17851
2 17854
1 17858
1 17864
2 17972
3 17980
4 17985
11 17987
13 17990
16 18002
15 18005
13 18008
14 18018
12 18021
11 18023
9 18026
10 18031
9 18034
8 18038
6 18040
4 18044
2 18047
1 18052
1 18056
1 18063
1 18066
4 18078
3 18080
3 18085
2 18088
1 18093
2 18189
1 18238
3 18268
10 18293
8 18295
7 18297
10 18300
8 18306
8 18308
7 18316
7 18320
6 18322
4 18327
4 18329
2 18331
2 18557
5 18848
1 18877
1 18911
1 18916
1 18999
1 19030
1 19033
1 19503
2 19505
2 19512
1 19519
1 19536
1 19544
1 19548
1 19551
1 19556
1 19575
1 19577
2 19582
1 19585
57 20451
24 20468
26 20471
18 20474
16 20477
10 20480
7 20483
5 20491
5 20493
3 20498
4 20502
4 20507
4 20510
4 20512
3 20519
2 20522
1 20524
64 20745
6 20763
2 20768
2 20770
1 20772
1 20777
1 21229
1 21356
1 21358
1 21360
1 21362
1 21393
1 21396
1 21401
3 21405
5 21407
4 21410
8 21416
9 21420
11 21438
11 21440
9 21443
4 21451
4 21455
4 21461
3 21464
4 21467
3 21473
3 21475
2 21483
3 21493
2 21499
1 21503
1 21506
1 21511
39 21717
29 21720
4 21726
9 21736
11 21739
10 21742
9 21744
8 21748
6 21751
5 21754
4 21758
4 21762
4 21773
4 21778
5 21782
6 21788
5 21790
3 21793
2 21796
2 21800
1 21804
1 21811
5 21823
4 21828
4 21834
3 21838
2 21841
2 21844
1 21847
1 21849
1 21852
2 22023
2 22027
