2
DRUM1 97
1 2
1 4
1 10
1 13
1 19
1 27
1 31
1 34
1 36
1 39
1 45
1 48
1 52
1 54
1 56
1 61
2 63
1 65
1 67
1 70
1 72
1 75
1 80
1 83
2 87
1 89
1 92
1 95
1 101
1 103
1 112
1 115
1 119
11 471
14 475
22 483
3 499
2 501
1 505
7 515
7 518
22 1804
4 1807
79 2098
13 2100
3 2104
4 2106
23 2303
10 2305
1 2311
1 2336
47 2442
6 2444
1 2447
1 2449
62 2569
49 2742
87 3484
148 3809
5 3821
41 4044
18 4046
1 4050
1 4053
2 4121
24 4162
1 4207
5 4213
2 4216
1 4279
39 4285
4 4334
3 4340
1 4342
57 4401
10 4405
1 4448
2 4452
3 4459
13 4643
3 4974
3 5168
10 5268
2 5271
6 5417
8 5543
6 5546
5 5676
32 5678
1 5681
2 5808
27 5810
47 7334
66 7338
6 7351
70 7713
16 7716
DRUM2 26
136 844
1 846
15 852
13 856
1 865
1 908
3 942
1023 1408
19 1419
204 6112
4 6122
3 6127
2 6130
4 6232
3 6491
301 6493
326 6498
3 6525
587 6704
409 6706
768 6867
132 6869
460 7094
117 7103
344 8010
3 8020
