2
DRUM1 88
47 4828
43 4830
85 4834
10 4836
1 4840
2 4861
3 5142
96 5195
48 5198
2 5204
1 5206
1 5221
88 5529
11 5531
55 5534
4 5538
8 5541
3 5547
55 6013
78 6016
3 6040
34 6173
45 6176
13 6180
4 6192
77 6521
49 6525
11 6528
1 6555
2 6585
59 6727
61 6730
34 6733
3 6737
8 6855
70 7037
21 7039
86 7043
10 7046
2 7107
66 7185
130 7187
11 7191
14 7196
2 7377
59 7526
78 7529
4 7537
3 7664
32 7807
247 7810
17 7820
142 8015
14 8027
107 8234
2 8250
58 8487
55 8489
62 8491
26 8493
3 8498
2 8584
5 8601
19 8687
20 8696
71 8943
22 8947
27 8949
1 8974
3 8976
1 8992
1 9345
9 9353
139 9455
2 9463
3 9466
1 9472
5 9484
5 9488
3 9492
2 9494
3 9497
7 9507
4 9509
2 9512
1 9523
1 9528
1 9544
DRUM2 73
163 5618
363 5620
10 5623
17 5628
23 5631
17 5636
1 5667
7 5678
1 5685
834 5755
3 5769
2 5811
5 6220
684 6345
19 6350
25 6358
18 6365
2 6381
2 6383
3 6385
4 6881
76 6884
1 6892
14 6896
1 6907
1 6913
1 6915
4 6921
1 6927
1 6953
328 7323
229 7327
14 7331
3 7339
1 7341
4 7349
2 7353
4 7360
1 7362
1 7403
1 7409
1 7412
1 7414
1 7418
1 7421
1 7424
4 7429
644 7675
101 7681
133 7683
543 7911
55 7918
1 7977
1023 8102
24 8111
653 8364
5 8422
992 8603
163 8608
1 8641
6 8644
1 8648
1 8655
463 8714
24 8719
1 8771
1023 8808
43 8818
5 8820
1023 9252
128 9257
1023 9352
32 9361
