2
DRUM1 81
1 3
1 6
1 10
1 14
1 16
1 23
1 27
1 32
2 35
1 37
1 39
1 42
1 44
1 46
1 50
1 52
1 55
1 59
1 63
1 66
1 69
1 71
1 82
1 87
1 97
1 102
1 106
1 110
2 113
1 117
1 123
1 127
129 3354
743 3357
39 3363
14 3365
84 3371
11 3374
1 3384
2 3391
7 3426
7 3431
9 3439
4 3503
102 3819
11 3823
2 3828
6 4014
5 4016
52 4152
10 4155
67 8196
50 8201
24 8204
8 8211
7 8219
1 8285
9 8342
111 10216
80 10218
86 10220
7 10252
27 10485
36 10488
48 10490
2 10541
6 10609
12 11471
1 11477
29 11636
2 11643
27 11761
1 11766
7 15438
23 15440
3 15442
11 15444
5 15452
1 15510
46 15602
84 15605
DRUM2 44
1023 8601
894 8603
104 8606
5 8620
23 8624
34 8630
31 8632
9 8638
1023 8945
576 8948
13 8962
13 8971
7 8974
825 9206
8 9231
8 9233
998 9406
225 9408
455 9551
537 9558
693 9901
897 9904
16 9918
32 9928
28 9932
888 10785
196 10792
67 10797
1 10803
6 10806
1023 11062
79 11069
69 11071
534 11242
130 11248
1023 15883
1023 15885
237 15889
77 15891
1023 16022
187 16028
1023 16135
232 16138
89 16141
