2
DRUM1 32
46 1878
509 1883
184 1886
83 1888
1 1892
1 1901
47 2259
90 2262
153 2264
5 2282
4 2315
132 3332
25 3335
7 3337
6 3487
45 30802
6 30807
2 30988
38 31093
13 31096
11 31110
4 31112
2 31116
1 31121
3 31313
36 31466
34 31675
2 31691
42 31893
79 32156
2 32164
1 32173
DRUM2 189
12 1061
1 1883
1 2271
782 2649
1023 2653
10 2679
10 2683
5 2686
896 2957
109 2962
1023 3584
561 3587
219 3590
5 3621
7 7248
5 7251
3 7823
10 7826
16 7828
42 8429
12 8443
1 8466
1 8470
1 8497
1 8501
1 8503
1 8505
1 8508
3 9109
1 9176
1 9209
2 9217
126 9956
21 9967
83 10935
9 10948
5 11027
117 11317
33 11322
7 11328
2 11333
2 11335
2 11342
10 11524
1 11529
546 11895
18 11902
20 11907
3 11924
6 11931
5 11933
3 11936
1 12122
1 12124
409 13028
19 13043
4 13066
67 13386
3 13397
1 13400
3 13570
144 13832
10 13844
6 13848
2 13857
1 13867
407 14392
1 14404
3 15523
635 15758
20 15762
11 15768
4 15777
1 15790
1 15793
1 15795
293 15989
10 16000
20 16003
19 16006
1 16050
2 16053
3 16059
3 16062
2 16065
1 16073
1 16077
1 16080
1 16115
320 16663
34 16678
9 16690
5 16693
11 16703
10 16706
15 16722
14 16725
12 16728
11 16730
11 16735
10 16737
7 16740
6 16743
5 16745
5 16747
3 16751
4 16757
7 16771
7 16775
7 16784
6 16786
5 16799
5 16805
5 16810
3 16813
2 16817
1 16820
112 18811
23 18814
4 18820
9 18823
2 18836
1 18864
498 19042
96 19044
126 19046
390 19290
180 19292
60 19294
12 19296
96 19535
92 19537
62 19542
450 19754
51 19756
134 19758
68 19760
808 19985
83 19989
1023 20212
366 20214
28 20219
2 20276
369 22374
1023 22377
327 22381
57 22384
24 22390
18 22397
10 22403
9 22416
1 22514
1023 22585
7 22603
1023 22725
17 22745
8 22754
630 22857
109 22865
734 28603
4 28608
12 28610
1 28616
1 28632
29 28676
70 28838
215 28840
11 28842
68 28845
15 28848
24 28853
16 28857
13 28859
14 28861
20 29028
130 29030
81 29032
95 29035
59 29038
68 29043
4 30134
325 31358
15 31378
836 31595
13 31611
495 31815
9 31835
926 32086
19 32103
