2
DRUM1 64
1 2
1 4
1 7
1 11
1 15
1 21
1 27
1 30
1 32
1 35
1 38
1 41
1 44
1 47
11 339
10 343
5 350
153 519
25 524
3 547
14 789
516 792
51 795
3 802
1 863
290 1029
368 1032
22 1041
11 1044
36 1047
2 1052
25 1063
28 1066
40 1074
39 1077
10 1185
254 2283
648 2286
29 2296
45 2301
2 2306
135 2316
211 3411
24 3875
30 3877
68 3881
109 3883
9 4349
13 4352
1 4356
5 4657
1 28591
1 28693
3 28739
2 28793
1 28824
1 28894
1 28909
1 28948
3 28997
1 29006
1 29096
1 29099
2 77066
DRUM2 17
2 2286
3 2291
1 2356
2 28587
3 28707
1 28739
1 28793
1 28824
1 28997
1 29013
3 29045
3 29054
1 29111
1 64606
1 64612
1 77066
1 82656
