2
DRUM1 69
1 5
1 7
1 10
1 13
1 15
1 18
1 25
1 31
2 36
1 39
1 43
1 47
1 51
1 55
1 58
1 62
1 68
1 70
1 74
1 78
1 82
1 85
1 91
1 97
1 101
1 103
1 106
1 115
27 1031
26 1033
18 1035
6 1045
2 1099
3 1102
1 1106
2 1129
1 1134
4 1554
6 2547
33 2549
1 2555
1 2558
34 3278
8 3281
3 3284
4 3286
1 3289
9 3456
17 5381
67 5406
45 5411
63 5419
71 5425
1023 5430
110 5441
44 5450
17 5459
22 5464
16 5469
14 5474
16 5480
22 5482
7 5487
1 5494
13 17849
7 17857
7 17861
3 17869
3 17878
DRUM2 8
1 2
3 5431
1023 16404
345 16409
29 16416
11 16421
8 16424
14 16430
